filenumber: 1
tested k and intitial w:
[[1.04246565e+17 1.04245021e+17 1.04244727e+17 1.04244185e+17
  1.04244026e+17 1.04243986e+17 1.04243977e+17 1.04244110e+17]
 [1.12839745e+22 1.12839464e+22 1.12839409e+22 1.12839307e+22
  1.12839291e+22 1.12839283e+22 1.12839298e+22 1.12839305e+22]]
best step k: 1.2
nrmsds: [0.001094484887467176, 0.0003378659287428068, 0.0005170512044196223, 4.217067811635983e-05, 2.7851187606101023e-06, 6.816512018137969e-06, 6.366457355791981e-07, 7.50580729168246e-06, 1.3788631983899907e-06, 5.776207998831553e-06]
direct matrix nrmsds: [0.1379374865402594, 0.00012209300864838, 3.4086174262783076e-05, 0.00013261672688454093, 0.002067899329185078, 0.017010712526546103]
   sgd matrix nrmsds: [1.9381366750332213e-06, 2.0229972452559988e-06, 3.5435984953830975e-05, 0.00013262585517810475, 0.002067899319387722, 0.017010712526200632]


filenumber: 2
tested k and intitial w:
[[1.48128677e+17 1.48124392e+17 1.48123135e+17 1.48121715e+17
  1.48120891e+17 1.48120710e+17 1.48120896e+17 1.48122019e+17]
 [8.33521365e+19 8.33518625e+19 8.33517737e+19 8.33516118e+19
  8.33516396e+19 8.33517113e+19 8.33518131e+19 8.33522125e+19]]
best step k: 1
nrmsds: [0.0018526701448036977, 0.0010992511077257186, 0.0007497948871213983, 0.000722414186796043, 0.00031340048776425686, 0.0002404294489827407, 0.00017889835707204235, 0.000269166770930524, 0.0001109087255307629, 0.00011591593751141906]
direct matrix nrmsds: [7.0774964103844376, 0.0005607144168774927, 8.716658309234592e-05, 0.0003906537798585522, 0.0172653150701766, 0.015925711850316316]
   sgd matrix nrmsds: [1.838808741433042e-07, 3.6315406233807205e-06, 8.63679583248396e-05, 0.00039065452279932444, 0.017265315114323467, 0.01592571184916995]


filenumber: 3
tested k and intitial w:
[[2.23938538e+13 2.23830401e+13 2.23803692e+13 2.23768444e+13
  2.23783903e+13 2.23761783e+13 2.23784658e+13 2.23770518e+13]
 [5.51814471e+14 5.51311900e+14 5.51237588e+14 5.51100396e+14
  5.51080808e+14 5.51053881e+14 5.51052485e+14 5.51168086e+14]]
best step k: 1
nrmsds: [2.018584528630682e-05, 1.177646354767823e-05, 2.1049658751630215e-05, 2.143834016981509e-05, 2.7364058426401325e-05, 2.3370604448634125e-05, 1.5599465102247962e-05, 1.9712756199431947e-05, 2.8040589592091524e-05, 2.85358931825543e-05]
direct matrix nrmsds: [0.05990917183717337, 'non singular matrix', 0.02825724897348532, 0.1099919764656161, 0.1344150879750339, 0.014356139962161103]
   sgd matrix nrmsds: [3.698415451593828e-05, 9.789185802679648e-06, 0.00031003793145983335, 0.0031874006485276035, 0.018136166226914965, 0.031832336135314485]


filenumber: 4
tested k and intitial w:
[[5.21851575e+17 5.21843364e+17 5.21838918e+17 5.21835458e+17
  5.21833474e+17 5.21833582e+17 5.21834434e+17 5.21839569e+17]
 [3.35314614e+21 3.35313761e+21 3.35313523e+21 3.35313248e+21
  3.35313140e+21 3.35313239e+21 3.35313308e+21 3.35313932e+21]]
best step k: 0.7
nrmsds: [0.012059901106733254, 0.005473045574320086, 0.004213548928882557, 0.002836275464051429, 0.002085654358433062, 0.00126848907219488, 0.0010642841902516469, 0.0008519431258357274, 0.0008212122504715928, 0.0005572227705526399]
direct matrix nrmsds: [4.313759548052769, 0.0010280362187879246, 0.001390858283969599, 0.0021306536067042425, 0.02154309844890728, 0.03983810136580263]
   sgd matrix nrmsds: [1.95715178604037e-05, 0.0001346328178738634, 0.0006319107338769628, 0.0021306587927671654, 0.02154310061395817, 0.03983810136170684]


filenumber: 5
tested k and intitial w:
[[4.29017371e+17 4.28982057e+17 4.28974928e+17 4.28955056e+17
  4.28948222e+17 4.28947576e+17 4.28948657e+17 4.28970574e+17]
 [2.96690742e+20 2.96686190e+20 2.96686121e+20 2.96684083e+20
  2.96683723e+20 2.96683383e+20 2.96683446e+20 2.96684470e+20]]
best step k: 1
nrmsds: [0.006158451218362908, 0.0022152819714712866, 0.0017415727052602342, 0.001194014190758397, 0.0009785351684688153, 0.0005307193235667798, 0.0004842836114408799, 0.00041563299572927213, 0.0003600795570855948, 0.0002914143714149368]
direct matrix nrmsds: [8.656541560658772, 0.06334178158150006, 0.007055614514436787, 0.0009818328921781408, 0.0035954942004192024, 0.02565802064621467]
   sgd matrix nrmsds: [1.1612852025325859e-09, 4.115815518485536e-06, 2.5286820699668735e-05, 0.0009805538517276113, 0.003595491446152927, 0.02565802066101904]


filenumber: 6
tested k and intitial w:
[[2.04437674e+18 2.04436581e+18 2.04436581e+18 2.04436244e+18
  2.04436150e+18 2.04436052e+18 2.04436485e+18 2.04436056e+18]
 [3.48585635e+23 3.48584135e+23 3.48584050e+23 3.48582679e+23
  3.48582107e+23 3.48581490e+23 3.48583007e+23 3.48583167e+23]]
best step k: 1
nrmsds: [0.0005961600118937643, 0.0004713552808296623, 0.0001510184384781375, 7.599817619009271e-05, 2.7689324745386762e-05, 7.401630885512858e-05, 1.97623003747984e-05, 3.643545750425183e-05, 1.5388010135224334e-05, 6.793139839090189e-05]
direct matrix nrmsds: [0.49016632688820577, 0.0008005832173527072, 0.00024978305558718205, 0.0003551291546353434, 0.0015559874947188052, 0.010600238374416752]
   sgd matrix nrmsds: [2.245020677120837e-06, 1.0802355543716587e-05, 1.8696100035764633e-05, 0.0003550604655147011, 0.0015559877035008656, 0.010600238390641326]


filenumber: 7
tested k and intitial w:
[[3.05210169e+19 3.05209438e+19 3.05209543e+19 3.05209287e+19
  3.05209228e+19 3.05209381e+19 3.05209438e+19 3.05209336e+19]
 [4.74334900e+23 4.74334311e+23 4.74333809e+23 4.74333706e+23
  4.74333335e+23 4.74333676e+23 4.74334181e+23 4.74333730e+23]]
best step k: 0.7
nrmsds: [0.0004093031876656304, 0.00010774863775548618, 7.791892664816075e-05, 6.570863973749403e-05, 7.291901993435172e-05, 5.3269654161878754e-05, 3.701004176709079e-05, 3.885678988361775e-05, 3.397460511570577e-05, 2.3238360897935953e-05]
direct matrix nrmsds: [0.12101748077167444, 1.9804946413780724e-05, 2.1360071585654687e-05, 0.0004982264508486399, 0.020972963247272897, 0.0045364770998486915]
   sgd matrix nrmsds: [2.1499875964324177e-05, 5.864246716349658e-07, 2.110127941464016e-05, 0.0004982313392738416, 0.02097292831979717, 0.004536477099859441]
